정답여부,문제번호,문제이름
true,1000,A+B
true,1001,A-B
true,1003,피보나치 함수
true,1008,A/B
true,1009,분산처리
true,1010,다리 놓기
true,1012,유기농 배추
true,1026,보물
true,1032,명령 프롬프트
true,1037,약수
true,1049,기타줄
true,1057,토너먼트
true,1072,게임
true,1085,직사각형에서 탈출
true,1100,하얀 칸
true,1110,더하기 사이클
true,1149,RGB거리
true,1152,단어의 개수
true,1157,단어 공부
true,1181,단어 정렬
true,1194,"달이 차오른다, 가자."
true,1197,최소 스패닝 트리
true,1202,보석 도둑
true,1205,등수 구하기
true,1208,부분수열의 합 2
true,1213,팰린드롬 만들기
true,1237,정ㅋ벅ㅋ
true,1238,파티
true,1256,사전
true,1260,DFS와 BFS
true,1261,알고스팟
true,1280,나무 심기
true,1292,쉽게 푸는 문제
true,1300,K번째 수
true,1389,케빈 베이컨의 6단계 법칙
true,1408,24
true,1427,소트인사이드
true,1431,시리얼 번호
true,1463,1로 만들기
true,1475,방 번호
true,1546,평균
true,1550,16진수
true,1644,소수의 연속합
true,1652,누울 자리를 찾아라
true,1654,랜선 자르기
true,1673,치킨 쿠폰
true,1676,팩토리얼 0의 개수
true,1697,숨바꼭질
true,1708,볼록 껍질
true,1717,집합의 표현
true,1735,분수 합
true,1743,음식물 피하기
true,1744,수 묶기
true,1747,소수&팰린드롬
true,1753,최단경로
true,1758,알바생 강호
true,1759,암호 만들기
true,1766,문제집
true,1781,컵라면
true,1789,수들의 합
true,1837,암호제작
true,1871,좋은 자동차 번호판
true,1911,흙길 보수하기
true,1912,연속합
true,1915,가장 큰 정사각형
true,1916,최소비용 구하기
true,1920,수 찾기
true,1922,네트워크 연결
true,1924,2007년
true,1929,소수 구하기
true,1931,회의실배정
true,1932,정수 삼각형
true,1934,최소공배수
true,1940,주몽
true,1946,신입 사원
true,1963,소수 경로
true,1977,완전제곱수
true,1978,소수 찾기
true,1987,알파벳
true,1991,트리 순회
true,2003,수들의 합 2
true,2004,조합 0의 개수
true,2042,구간 합 구하기
true,2110,공유기 설치
true,2133,타일 채우기
true,2146,다리 만들기
true,2162,선분 그룹
true,2163,초콜릿 자르기
true,2166,다각형의 면적
true,2167,2차원 배열의 합
true,2169,로봇 조종하기
true,2178,미로 탐색
true,2193,이친수
true,2206,벽 부수고 이동하기
true,2231,분해합
true,2252,줄 세우기
true,2293,동전 1
true,2294,동전 2
true,2309,일곱 난쟁이
true,2312,수 복원하기
true,2343,기타 레슨
true,2352,반도체 설계
true,2357,최솟값과 최댓값
true,2420,사파리월드
true,2438,별 찍기 - 1
true,2439,별 찍기 - 2
true,2440,별 찍기 - 3
true,2441,별 찍기 - 4
true,2442,별 찍기 - 5
true,2443,별 찍기 - 6
true,2444,별 찍기 - 7
true,2445,별 찍기 - 8
true,2446,별 찍기 - 9
true,2455,지능형 기차
true,2460,지능형 기차 2
true,2468,안전 영역
true,2475,검증수
true,2480,주사위 세개
true,2490,윷놀이
true,2501,약수 구하기
true,2503,숫자 야구
true,2506,점수계산
true,2512,예산
true,2522,별 찍기 - 12
true,2523,별 찍기 - 13
true,2525,오븐 시계
true,2530,인공지능 시계
true,2555,생일 출력하기
true,2557,Hello World
true,2558,A+B - 2
true,2562,최댓값
true,2563,색종이
true,2566,최댓값
true,2576,홀수
true,2577,숫자의 개수
true,2579,계단 오르기
true,2581,소수
true,2583,영역 구하기
true,2587,대표값2
true,2588,곱셈
true,2589,보물섬
true,2592,대표값
true,2606,바이러스
true,2609,최대공약수와 최소공배수
true,2621,카드게임
true,2624,동전 바꿔주기
true,2632,피자판매
true,2644,촌수계산
true,2667,단지번호붙이기
true,2669,직사각형 네개의 합집합의 면적 구하기
true,2675,문자열 반복
true,2676,라스칼 삼각형
true,2693,N번째 큰 수
true,2702,초6 수학
true,2703,Cryptoquote
true,2711,오타맨 고창영
true,2720,세탁소 사장 동혁
true,2738,행렬 덧셈
true,2739,구구단
true,2740,행렬 곱셈
true,2741,N 찍기
true,2742,기찍 N
true,2743,단어 길이 재기
true,2744,대소문자 바꾸기
true,2747,피보나치 수
true,2748,피보나치 수 2
true,2750,수 정렬하기
true,2751,수 정렬하기 2
true,2752,세수정렬
true,2753,윤년
true,2754,학점계산
true,2775,부녀회장이 될테야
true,2776,암기왕
true,2789,유학 금지
true,2798,블랙잭
true,2805,나무 자르기
true,2822,점수 계산
true,2839,설탕 배달
true,2845,파티가 끝나고 난 뒤
true,2847,게임을 만든 동준이
true,2864,5와 6의 차이
true,2869,달팽이는 올라가고 싶다
true,2884,알람 시계
true,2902,KMP는 왜 KMP일까?
true,2908,상수
true,2914,저작권
true,2920,음계
true,2941,크로아티아 알파벳
true,2953,나는 요리사다
true,2960,에라토스테네스의 체
true,3003,"킹, 퀸, 룩, 비숍, 나이트, 폰"
true,3009,네 번째 점
true,3028,창영마을
true,3034,앵그리 창영
true,3036,링
true,3040,백설 공주와 일곱 난쟁이
true,3046,R2
true,3047,ABC
true,3049,다각형의 대각선
true,3052,나머지
true,3058,짝수를 찾아라
true,3059,등장하지 않는 문자의 합
true,3176,도로 네트워크
true,3273,두 수의 합
true,3449,해밍 거리
true,3649,로봇 프로젝트
true,3896,소수 사이 수열
true,3955,캔디 분배
true,4101,크냐?
true,4344,평균은 넘겠지
true,4458,첫 글자를 대문자로
true,4485,녹색 옷 입은 애가 젤다지?
true,4493,가위 바위 보?
true,4564,숫자 카드놀이
true,4597,패리티
true,4766,일반 화학 실험
true,4796,캠핑
true,4963,섬의 개수
true,4999,아!
true,5014,스타트링크
true,5063,TGN
true,5073,삼각형과 세 변
true,5086,배수와 약수
true,5176,대회 자리
true,5218,알파벳 거리
true,5337,웰컴
true,5338,마이크로소프트 로고
true,5339,콜센터
true,5354,J박스
true,5355,화성 수학
true,5361,전투 드로이드 가격
true,5427,불
true,5522,카드 게임
true,5523,경기 결과
true,5524,입실 관리
true,5532,방학 숙제
true,5543,상근날드
true,5554,심부름 가는 길
true,5565,영수증
true,5576,콘테스트
true,5585,거스름돈
true,5586,JOI와 IOI
true,5588,별자리 찾기
true,5596,시험 점수
true,5598,카이사르 암호
true,5656,비교 연산자
true,5704,팬그램
true,5717,상근이의 친구들
true,5800,성적 통계
true,5988,홀수일까 짝수일까
true,6236,용돈 관리
true,6502,동혁 피자
true,6588,골드바흐의 추측
true,6603,로또
true,7287,등록
true,7453,합이 0인 네 정수
true,7562,나이트의 이동
true,7567,그릇
true,7576,토마토
true,7795,먹을 것인가 먹힐 것인가
true,8393,합
true,8958,OX퀴즈
true,9012,괄호
true,9020,골드바흐의 추측
true,9076,점수 집계
true,9085,더하기
true,9086,문자열
true,9095,"1, 2, 3 더하기"
true,9243,파일 완전 삭제
true,9251,LCS
true,9295,주사위
true,9316,Hello Judge
true,9325,얼마?
true,9421,소수상근수
true,9461,파도반 수열
true,9494,Text Roll
true,9498,시험 성적
true,9506,약수들의 합
true,9507,Generations of Tribbles
true,9610,사분면
true,9613,GCD 합
true,9653,스타워즈 로고
true,9654,나부 함대 데이터
true,9655,돌 게임
true,9656,돌 게임 2
true,9997,폰트
true,10026,적록색약
true,10035,Odometer
true,10039,평균 점수
true,10102,개표
true,10103,주사위 게임
true,10156,과자
true,10170,NFC West vs North
true,10171,고양이
true,10172,개
true,10178,할로윈의 사탕
true,10211,Maximum Subarray
true,10214,Baseball
true,10282,해킹
true,10430,나머지
true,10448,유레카 이론
true,10474,분수좋아해?
true,10610,30
true,10699,오늘 날짜
true,10707,수도요금
true,10718,We love kriii
true,10751,COW
true,10757,큰 수 A+B
true,10768,특별한 날
true,10773,제로
true,10797,10부제
true,10801,카드게임
true,10807,개수 세기
true,10808,알파벳 개수
true,10809,알파벳 찾기
true,10814,나이순 정렬
true,10815,숫자 카드
true,10817,세 수
true,10818,"최소, 최대"
true,10819,차이를 최대로
true,10820,문자열 분석
true,10821,정수의 개수
true,10823,더하기 2
true,10824,네 수
true,10825,국영수
true,10828,스택
true,10833,사과
true,10845,큐
true,10868,최솟값
true,10869,사칙연산
true,10870,피보나치 수 5
true,10871,X보다 작은 수
true,10872,팩토리얼
true,10886,0 = not cute / 1 = cute
true,10926,??!
true,10950,A+B - 3
true,10951,A+B - 4
true,10952,A+B - 5
true,10953,A+B - 6
true,10984,내 학점을 구해줘
true,10987,모음의 개수
true,10988,팰린드롬인지 확인하기
true,10989,수 정렬하기 3
true,10998,A×B
true,11021,A+B - 7
true,11022,A+B - 8
true,11047,동전 0
true,11048,이동하기
true,11050,이항 계수 1
true,11051,이항 계수 2
true,11053,가장 긴 증가하는 부분 수열
true,11266,단절점
true,11365,!밀비 급일
true,11399,ATM
true,11403,경로 찾기
true,11404,플로이드
true,11438,LCA 2
true,11557,Yangjojang of The Year
true,11650,좌표 정렬하기
true,11651,좌표 정렬하기 2
true,11653,소인수분해
true,11654,아스키 코드
true,11659,구간 합 구하기 4
true,11660,구간 합 구하기 5
true,11662,민호와 강호
true,11718,그대로 출력하기
true,11719,그대로 출력하기 2
true,11720,숫자의 합
true,11721,열 개씩 끊어 출력하기
true,11723,집합
true,11724,연결 요소의 개수
true,11726,2×n 타일링
true,11727,2×n 타일링 2
true,11728,배열 합치기
true,11758,CCW
true,11942,고려대는 사랑입니다
true,11948,과목선택
true,12015,가장 긴 증가하는 부분 수열 2
true,12026,BOJ 거리
true,12738,가장 긴 증가하는 부분 수열 3
true,12778,CTP공국으로 이민 가자
true,12789,도키도키 간식드리미
true,13163,닉네임에 갓 붙이기
true,13458,시험 감독
true,13460,구슬 탈출 2
true,13701,중복 제거
true,14003,가장 긴 증가하는 부분 수열 5
true,14431,소수마을
true,14499,주사위 굴리기
true,14500,테트로미노
true,14501,퇴사
true,14502,연구소
true,14503,로봇 청소기
true,14889,스타트와 링크
true,14918,더하기
true,15680,연세대학교
true,15684,사다리 조작
true,15685,드래곤 커브
true,15686,치킨 배달
true,15733,나는 누구인가
true,15802,타노스
true,15903,카드 합체 놀이
true,16236,아기 상어
false,1076,저항
false,1233,주사위
false,1271,엄청난 부자2
false,1373,2진수 8진수
false,1834,나머지와 몫이 같은 수
false,1914,하노이 탑
false,2010,플러그
false,2213,트리의 독립집합
false,2248,이진수 찾기
false,2407,조합
false,2436,공약수
false,2467,용액
false,2476,주사위 게임
false,2749,피보나치 수 3
false,2935,소음
false,5347,LCM
false,5618,공약수
false,6000,동전 게임
false,6086,최대 유량
false,9987,포켓몬 마스터
false,10158,개미
false,10173,니모를 찾아서
false,11657,타임머신
